Position
X:-0.02204121
Y:0.02521274
Z:-0.01387381

Rotation
X:2.978
Y:-1.085
Z:-110.028